sample_uid	C1d/C1-C1mt-C42.2-C3cg-C1b-C3cw	C1d/C42.2/C1/C3cg-C1b-C3cw-C45c-C115k	C1d-C42.2-C1-C1k-C1b-C3cg	C1d-C1mt-C1nq-C42.2-C1	C1d-C1mt-C42a-C42.2-C1	C1d-C42.2-C1-C1bi	C1d-C42.2-C1-C1b-C3cg-C3cw	C1d-C42.2-C1-C1b-C3cg-C3cw-C45c	C1d-C1mt-C42.2-C1-C3cg-C1b	C1d/C1/C42.2/C3-C1b-C3cg-C45c-C115k-C1au-C41p	C42a/C42.2/C1/C1b-C1j-C1au-C3	C1d-C1mt-C42.2-C1-C3cg	C42a/C42.2-C1-C42ak-C1b-C42al	C1d-C42.2-C1-C1nr	C42a/C42.2-C1-C1b-C42ak-C1j	D1-D1as-D1ba-D1bb-D4-D1at-D6-D1ax-D1dy-D1ea	D1-D1at-D1as-D1ba-D2a-D4-D6	D1-D1as-D1at-D6-D4-D1bb-D1ba-D1bd	D1/D1bb-D1as-D1at-D4-D1ba-D6-D1bg-D1ax	D1-D1as-D1at-D4-D6-D1ba-D1ax-D1bb	D1/D1bb-D1as-D1bg-D1at-D1ba-D6-D4	D1-D1at-D1as-D1bc-D1bg-D6-D1bb-D4
156770	0	0	0	0	0	0	0	0	0	0	0	0	0	0	0	4040	0	0	0	0	0	0
156803	0	0	0	0	0	0	0	0	0	0	0	0	0	0	0	6853	0	0	0	0	0	0
156841	0	0	0	0	0	0	0	0	0	0	0	0	0	0	0	4645	0	0	0	0	0	0
156802	0	0	0	0	0	0	0	0	0	0	0	0	0	0	0	5061	0	0	0	0	0	0
156798	0	0	0	0	0	0	0	0	0	0	0	0	0	0	0	4188	0	0	0	0	0	0
156834	0	0	0	0	0	0	0	0	0	0	0	0	0	0	0	4428	0	0	0	0	0	0
156882	0	0	0	0	0	0	0	0	0	0	0	0	0	0	0	4398	0	0	0	0	0	0
156769	0	0	0	0	0	0	0	0	0	0	0	0	0	0	0	3484	0	0	0	0	0	0
156859	0	0	0	0	0	0	0	0	0	0	0	0	0	0	0	6190	0	0	0	0	0	0
156870	0	0	0	0	0	0	0	0	0	0	0	0	0	0	0	5157	0	0	0	0	0	0
156810	0	0	0	0	0	0	0	0	0	0	0	0	0	0	0	3129	0	0	0	0	0	0
156750	0	0	0	0	0	0	0	0	0	0	0	0	0	0	0	5151	0	0	0	0	0	0
156843	0	0	0	0	0	0	0	0	0	0	0	0	0	0	0	4047	0	0	0	0	0	0
156875	0	0	0	0	0	0	0	0	0	0	0	0	0	0	0	2806	0	0	0	0	0	0
156806	0	0	0	0	0	0	0	0	0	0	0	0	0	0	0	1721	0	0	0	0	0	0
156818	0	0	0	0	0	0	0	0	0	0	0	0	0	0	0	4190	0	0	0	0	0	0
156860	0	0	0	0	0	0	0	0	0	0	0	0	0	0	0	3828	0	0	0	0	0	0
156832	0	0	0	0	0	0	0	0	0	0	0	206	0	0	0	4952	0	0	0	0	0	0
156844	0	0	0	0	0	0	0	0	0	0	0	0	0	0	0	3276	0	0	0	0	0	0
156796	0	0	0	0	377	0	0	0	0	0	0	0	0	0	0	5688	0	0	0	0	0	0
156839	0	0	0	0	182	0	0	0	0	0	0	0	0	0	0	2178	0	0	0	0	0	0
156787	338	0	0	0	0	0	0	0	0	0	0	0	0	0	0	4852	0	0	0	0	0	0
156795	0	0	0	0	478	0	0	0	0	0	0	0	0	0	0	5365	0	0	0	0	0	0
156864	0	0	0	0	0	0	0	0	499	0	0	0	0	0	0	4839	0	0	0	0	0	0
156822	816	0	0	0	0	0	0	0	0	0	0	0	0	0	0	3757	0	0	0	0	0	0
156842	0	1737	0	0	0	0	0	0	0	0	0	0	0	0	0	3318	0	0	0	0	0	0
156804	0	1877	0	0	0	0	0	0	0	0	0	0	0	0	0	2206	0	0	0	0	0	0
156840	4980	0	0	0	0	0	0	0	0	0	0	0	0	0	0	0	0	0	0	0	0	0
156867	6046	0	0	0	0	0	0	0	0	0	0	0	0	0	0	0	0	0	0	0	0	0
156768	4708	0	0	0	0	0	0	0	0	0	0	0	0	0	0	0	0	0	0	0	0	0
156833	5861	0	0	0	0	0	0	0	0	0	0	0	0	0	0	0	0	0	0	0	0	0
156890	7473	0	0	0	0	0	0	0	0	0	0	0	0	0	0	0	0	0	0	0	0	0
156801	9349	0	0	0	0	0	0	0	0	0	0	0	0	0	0	0	0	0	0	0	0	0
156758	5798	0	0	0	0	0	0	0	0	0	0	0	0	0	0	0	0	0	0	0	0	0
156755	4277	0	0	0	0	0	0	0	0	0	0	0	0	0	0	0	0	0	0	0	0	0
156790	5556	0	0	0	0	0	0	0	0	0	0	0	0	0	0	0	0	0	0	0	0	0
156829	5267	0	0	0	0	0	0	0	0	0	0	0	0	0	0	0	0	0	0	0	0	0
156754	4938	0	0	0	0	0	0	0	0	0	0	0	0	0	0	0	0	0	0	0	0	0
156826	6206	0	0	0	0	0	0	0	0	0	0	0	0	0	0	0	0	0	0	0	0	0
156791	6282	0	0	0	0	0	0	0	0	0	0	0	0	0	0	0	0	0	0	0	0	0
156862	6386	0	0	0	0	0	0	0	0	0	0	0	0	0	0	0	0	0	0	0	0	0
156865	6460	0	0	0	0	0	0	0	0	0	0	0	0	0	0	0	0	0	0	0	0	0
156786	8377	0	0	0	0	0	0	0	0	0	0	0	0	0	0	0	0	0	0	0	0	0
156821	4377	0	0	0	0	0	0	0	0	0	0	0	0	0	0	0	0	0	0	0	0	0
156753	5223	0	0	0	0	0	0	0	0	0	0	0	0	0	0	0	0	0	0	0	0	0
156760	4664	0	0	0	0	0	0	0	0	0	0	0	0	0	0	0	0	0	0	0	0	0
156837	6492	0	0	0	0	0	0	0	0	0	0	0	0	0	0	0	0	0	0	0	0	0
156764	4256	0	0	0	0	0	0	0	0	0	0	0	0	0	0	0	0	0	0	0	0	0
156789	6089	0	0	0	0	0	0	0	0	0	0	0	0	0	0	0	0	0	0	0	0	0
156825	5201	0	0	0	0	0	0	0	0	0	0	0	0	0	0	0	0	0	0	0	0	0
156756	3066	0	0	0	0	0	0	0	0	0	0	0	0	0	0	0	0	0	0	0	0	0
156831	5927	0	0	0	0	0	0	0	0	0	0	0	0	0	0	0	0	0	0	0	0	0
156861	4737	0	0	0	0	0	0	0	0	0	0	0	0	0	0	0	0	0	0	0	0	0
156752	3123	0	0	0	0	0	0	0	0	0	0	0	0	0	0	0	0	0	0	0	0	0
156830	5299	0	0	0	0	0	0	0	0	0	0	0	0	0	0	0	0	0	0	0	0	0
156765	5203	0	0	0	0	0	0	0	0	0	0	0	0	0	0	0	0	0	0	0	0	0
156757	5353	0	0	0	0	0	0	0	0	0	0	0	0	0	0	0	0	0	0	0	0	0
156794	1210	0	0	0	0	0	0	0	0	0	0	0	0	0	0	0	0	0	0	0	0	0
156827	5270	0	0	0	0	0	0	0	0	0	0	0	0	0	0	0	0	0	0	0	173	0
156866	5211	0	0	0	0	0	0	0	0	0	0	0	0	0	0	459	0	0	0	0	0	0
156858	5009	0	0	0	0	0	0	0	0	0	0	0	0	0	0	545	0	0	0	0	0	0
156868	4425	0	0	0	0	0	0	0	0	0	0	0	0	0	0	465	0	0	0	0	0	0
156749	4705	0	0	0	0	0	0	0	0	0	0	0	0	0	0	870	0	0	0	0	0	0
156751	3033	0	0	0	0	0	0	0	0	0	0	0	0	0	0	709	0	0	0	0	0	0
156863	3558	0	0	0	0	0	0	0	0	0	0	0	0	0	0	1284	0	0	0	0	0	0
156874	0	5632	0	0	0	0	0	0	0	0	0	0	0	0	0	0	0	0	0	0	0	0
156877	0	5226	0	0	0	0	0	0	0	0	0	0	0	0	0	0	0	0	0	0	0	0
156880	0	6990	0	0	0	0	0	0	0	0	0	0	0	0	0	0	0	0	0	0	0	0
156872	0	6566	0	0	0	0	0	0	0	0	0	0	0	0	0	0	0	0	0	0	0	0
156762	0	7458	0	0	0	0	0	0	0	0	0	0	0	0	0	0	0	206	0	0	0	0
156881	0	4061	0	0	0	0	0	0	0	0	0	0	0	0	0	0	0	0	0	0	0	0
156805	0	3816	0	0	0	0	0	0	0	0	0	0	0	0	0	1383	0	0	0	0	0	0
156879	0	2946	0	0	0	0	0	0	0	0	0	0	0	0	0	1163	0	0	0	0	0	0
156835	0	708	0	0	0	0	0	0	0	0	0	0	0	0	0	532	0	0	0	0	0	0
156869	0	3258	0	0	0	0	0	0	0	0	0	0	0	0	0	2559	0	0	0	0	0	0
156846	0	3189	0	0	0	0	0	0	0	0	0	0	0	0	0	2622	0	0	0	0	0	0
156761	0	0	0	0	0	0	0	0	0	0	0	0	0	0	0	0	2962	0	0	0	0	0
156849	0	0	0	0	0	0	0	0	0	0	0	0	0	0	0	0	1920	0	0	0	0	0
156871	0	0	0	0	0	285	0	0	0	0	0	0	0	0	0	0	6082	0	0	0	0	0
156851	0	0	0	0	0	0	0	0	0	0	0	0	0	0	0	0	1882	0	0	0	0	0
156777	0	0	0	0	0	0	0	0	0	0	0	0	0	0	0	0	1949	0	0	0	0	0
156776	0	0	0	0	0	0	0	0	0	0	0	0	0	0	0	0	3112	0	0	0	0	0
156850	0	0	0	0	0	0	0	0	0	0	0	0	0	0	0	0	1454	0	0	0	0	0
156775	0	0	0	0	0	0	0	0	0	0	0	0	0	0	0	0	871	0	0	0	0	0
156774	0	0	3149	0	0	0	0	0	0	0	0	0	0	0	0	0	2974	0	0	0	0	0
156891	0	0	3815	0	0	0	0	0	0	0	0	0	0	0	0	0	0	0	0	0	0	0
156819	0	0	7619	0	0	0	0	0	0	0	0	0	0	0	0	0	0	0	0	0	0	0
156845	0	0	3887	0	0	0	0	0	0	0	0	0	0	0	0	0	0	1171	0	0	0	0
156883	0	0	2601	0	0	0	0	0	0	0	0	0	0	0	0	0	0	0	864	0	0	0
156815	0	0	3819	0	0	0	0	0	0	0	0	0	0	0	0	0	0	2097	0	0	0	0
156885	0	0	2045	0	0	0	0	0	0	0	0	0	0	0	0	0	0	1261	0	0	0	0
156886	0	0	2326	0	0	0	0	0	0	0	0	0	0	0	0	0	1681	0	0	0	0	0
156887	0	0	2042	0	0	0	0	0	0	0	0	0	0	0	0	0	1795	0	0	0	0	0
156772	0	0	0	0	0	0	0	0	0	0	0	0	0	0	0	0	0	2550	0	0	0	0
156811	0	0	0	0	0	0	0	0	0	0	0	0	0	0	0	0	0	4385	0	0	0	0
156809	0	0	2842	0	0	0	0	0	0	0	0	0	0	0	0	0	0	3568	0	0	0	0
156814	0	0	0	0	0	0	0	0	0	0	0	0	0	0	0	0	0	0	2515	0	0	0
156884	0	0	0	0	0	0	0	0	0	0	0	0	0	0	0	0	0	0	1664	0	0	0
156812	0	0	0	0	0	0	0	0	0	0	0	0	0	0	0	0	0	0	3249	0	0	0
156847	0	0	0	0	0	0	0	0	0	0	0	0	0	0	0	0	0	0	1327	0	0	0
156888	0	0	0	0	0	0	0	0	0	0	0	0	0	0	0	0	0	0	1063	0	0	0
156799	0	0	0	0	0	2450	0	0	0	0	0	0	0	0	0	0	0	0	4458	0	0	0
156824	0	0	0	3977	0	0	0	0	0	0	0	0	0	0	0	0	0	0	0	0	0	0
156857	0	0	0	5348	0	0	0	0	0	0	0	0	0	0	0	0	0	0	0	0	0	0
156759	0	0	0	4595	0	0	0	0	0	0	0	0	0	0	0	0	0	0	0	0	0	0
156793	0	0	0	7961	0	0	0	0	0	0	0	0	0	0	0	0	0	0	0	0	0	0
156748	0	0	0	5187	0	0	0	0	0	0	0	0	0	0	0	0	0	0	0	0	0	0
156785	0	0	0	8625	0	0	0	0	0	0	0	0	0	0	0	0	0	0	0	0	0	0
156823	0	0	0	4748	0	0	0	0	0	0	0	0	0	0	0	0	0	0	0	0	0	0
156767	0	0	0	0	3582	0	0	0	0	0	0	0	0	0	0	457	0	0	0	0	0	0
156854	0	0	0	0	4161	0	0	0	0	0	0	0	0	0	0	733	0	0	0	0	0	0
156838	0	0	0	0	4329	0	0	0	0	0	0	0	0	0	0	1123	0	0	0	0	0	0
156783	0	0	0	0	0	6230	0	0	0	0	0	0	0	0	0	0	0	0	0	0	0	0
156855	0	0	0	0	0	3903	0	0	0	0	0	0	0	0	0	0	0	0	0	0	0	0
156763	0	0	0	0	0	6883	0	0	0	0	0	0	0	0	0	0	0	0	0	0	0	241
156800	0	0	0	0	0	6124	0	0	0	0	0	0	0	0	0	0	0	501	0	0	0	0
156808	0	0	0	0	0	0	5082	0	0	0	0	0	0	0	0	0	0	0	0	0	0	0
156876	0	0	0	0	0	0	2115	0	0	0	0	0	0	0	0	1034	0	0	0	0	0	0
156771	0	0	0	0	0	0	0	5414	0	0	0	0	0	0	0	0	0	0	0	0	0	0
156807	0	0	0	0	0	0	0	8508	0	0	0	0	0	0	0	0	0	0	0	0	0	0
156782	0	0	0	0	0	0	0	0	820	0	0	0	0	0	0	0	0	0	0	0	0	0
156813	0	0	0	0	0	0	0	0	0	0	0	0	0	0	0	0	0	0	0	4836	0	0
156873	0	0	0	0	0	0	0	0	0	6471	0	0	0	0	0	0	0	0	0	0	0	0
156797	0	0	0	0	0	0	0	0	0	0	7173	0	0	0	0	663	0	0	0	0	0	0
156788	0	0	0	0	0	0	0	0	0	0	0	0	4134	0	0	2965	0	0	0	0	0	0
156878	0	0	0	0	0	0	0	0	0	0	0	0	0	5879	0	0	0	0	0	0	0	0
156766	0	0	0	0	0	0	0	0	0	0	0	0	0	0	2850	2324	0	0	0	0	0	0
156892	0	0	0	0	0	0	0	0	0	0	0	0	0	0	0	0	0	0	0	0	0	0
156889	0	0	0	0	0	0	0	0	0	0	0	0	0	0	0	0	0	0	0	0	0	0
156856	0	0	0	0	0	0	0	0	0	0	0	0	0	0	0	0	0	0	0	0	0	0
156853	0	0	0	0	0	0	0	0	0	0	0	0	0	0	0	0	0	0	0	0	0	0
156852	0	0	0	0	0	0	0	0	0	0	0	0	0	0	0	0	0	0	0	0	0	0
156848	0	0	0	0	0	0	0	0	0	0	0	0	0	0	0	0	0	0	0	0	0	0
156836	0	0	0	0	0	0	0	0	0	0	0	0	0	0	0	0	0	0	0	0	0	0
156828	0	0	0	0	0	0	0	0	0	0	0	0	0	0	0	0	0	0	0	0	0	0
156820	0	0	0	0	0	0	0	0	0	0	0	0	0	0	0	0	0	0	0	0	0	0
156817	0	0	0	0	0	0	0	0	0	0	0	0	0	0	0	0	0	0	0	0	0	0
156816	0	0	0	0	0	0	0	0	0	0	0	0	0	0	0	0	0	0	0	0	0	0
156792	0	0	0	0	0	0	0	0	0	0	0	0	0	0	0	0	0	0	0	0	0	0
156784	0	0	0	0	0	0	0	0	0	0	0	0	0	0	0	0	0	0	0	0	0	0
156781	0	0	0	0	0	0	0	0	0	0	0	0	0	0	0	0	0	0	0	0	0	0
156780	0	0	0	0	0	0	0	0	0	0	0	0	0	0	0	0	0	0	0	0	0	0
156779	0	0	0	0	0	0	0	0	0	0	0	0	0	0	0	0	0	0	0	0	0	0
156778	0	0	0	0	0	0	0	0	0	0	0	0	0	0	0	0	0	0	0	0	0	0
156773	0	0	0	0	0	0	0	0	0	0	0	0	0	0	0	0	0	0	0	0	0	0
